1/(1+(a1+2.27)*exp(-(a3+2.7)*(x+a5-21)))+a4+sin(x*(a6-0.25)+(a8-0.6))*(a7+0.01)



a1 = 3.0404155798831685
a3 = -0.6553087396249831
a5 = 0.7791092473028649
a4 = -0.004027747420246071
a6 = 0.11984119187792518
a8 = -3.276271449579414
a7 = -0.00375808243931626
Error value: 0.01104987727386289



1/(1+exp(-2*(a2+1)*(x+(a1-20))))+(a3+0.1)*sin((x-20)*(a4+0.2))


a2 = 0.013547045342132757
a1 = -1.0414623917233348
a3 = -0.12516619414770014
a4 = -0.0863309025749027
Error value: 0.004369050171333972